# kirby
# object definition:
# object_type (tx ty tz 1) (sx sy sz 1)  (rx ry rz 1) mat_shiny (mat_emission) (mat_amb) (mat_diffuse) (mat_specular)
# where object_type = 1 is a cube, 2 is a house etc etc
#body
3 (0 1.2 0 1.0) (1.0 1.0 1.0 1.0) (0 0 0 1) (0.01) (1.0 0.655 0.753 1.0) (1.0 0.655 0.753 1.0) (1.0 0.655 0.753 1.0) (0.1 0.1 0.1 1.0)
#left arm
3 (-1 1.4 0 1.0) (0.3 0.5 0.3 1.0) (0 0 30 1) (0.01) (1.0 0.655 0.753 1.0) (1.0 0.655 0.753 1.0) (1.0 0.655 0.753 1.0) (0.1 0.1 0.1 1.0)
#right arm
3 (1 1.0 0 1.0) (0.3 0.5 0.3 1.0) (0 0 50 1) (0.01) (1.0 0.655 0.753 1.0) (1.0 0.655 0.753 1.0) (1.0 0.655 0.753 1.0) (0.1 0.1 0.1 1.0)
#left shoe
3 (-0.75 0.4 0 1.0) (0.4 0.5 0.3 1.0) (95 -30 30 1) (0.01) (0.69 0.0 0.31 1.0) (0.69 0.0 0.31 1.0) (0.69 0.0 0.31 1.0) (0.69 0.0 0.31 1.0)
#right shoe
3 (0.75 0.4 0 1.0) (0.4 0.5 0.3 1.0) (95 30 -30 1) (0.01) (0.69 0.0 0.31 1.0) (0.69 0.0 0.31 1.0) (0.69 0.0 0.31 1.0) (0.69 0.0 0.31 1.0)
#eyes
3 (-0.2 1.3 0.95 1.0) (0.08 0.2 0.05 1.0) (0 0 0 1) (0.01) (0.1 0.1 0.1 1.0) (0.1 0.1 0.1 1.0) (0.4 0.4 0.5 1.0) (1.0 1.0 1.0 1.0)
3 (0.2 1.3 0.95 1.0) (0.08 0.2 0.05 1.0) (0 0 0 1) (0.01) (0.1 0.1 0.1 1.0) (0.1 0.1 0.1 1.0) (0.4 0.4 0.5 1.0) (1.0 1.0 1.0 1.0)
#mouth
3 (0 0.8 0.9 1.0) (0.2 0.1 0.05 1.0) (0 0 0 1) (0.01) (0.69 0.0 0.31 1.0) (0.69 0.0 0.31 1.0) (0.69 0.0 0.31 1.0) (0.69 0.0 0.31 1.0)
#ground
1 (0 0.0 0 1.0) (10 0.1 10) (0 0 0 1) (0.5) (1.0 1.0 1.0 1.0) (0.2 1.25 0.2 1.0) (0.1 0.1 0.1 1.0) (0.1 0.1 0.1 1.0)
# light definitions:
# l (amb) (diffuse) (specular) (pos) [optional (dir) angle]
l (0.5 0.5 0.5) (0.75 0.75 0.75) (0.75 0.75 0.75) (0 30 15 1) 
#camera definitions:
#c (posx posy posz 1) (lookx looky lookz 1) (upx upy upz 1)
c (0 1.5 10 1) (0 1.5 -1 1) ( 0 1 0 1)